mnnx 233

0. som-iata 00111010 11 11115. omnis 011ιο101110 minores C 53, 35. ox
(1110 0111110111131001111110 1111001111ιο H 1 ·13, 11. 1101111 o. in benignitate 1111110·
1111111111 .3 1111111, 0101111111110110..1112,5. 0.11111100111·11111111(151,21. omnium
11·11,11101·111111111111011101111110010110112111. 01111111111111011111010111111110111-
1010111 H 1 13, 3. 101111111ιο o ,,111 2. 213, 2. 0.1,·01101111113’21,3. 1.3 2.
3333 ’111 11,111 ¹¹'333.¹.33’.3.¹.'1.3 033333¹3¹13 ’11. 3¹5. ·.›¹ 3. 33333333
15, 3 0.10110101011111101111111113. ----11111011111335,1.11010,
100011 010011101111113 311, 1.0 o. 101113 33, 5. 511,1. 113, 3. 32, 1. 35, 211.
1111111131, 15. 0.1111111111111,3,31121. 010111111111111100.1121,1. Mau·
riso. 11111011111111113 111, 7. 0. 1310111111) 13, 5. 211, 12. 211, 1. 213, 3, ,1 15, 2,
33, 2. 55, 3. o. 111(1111110.·13·,23,1, o. 111111111111110110111131 2. o. 1100011111·
1111111115111301101111110111110021,11. 0. 01111111111111113,1. 11113. o. 0110001
111011111311,.,“2 0111111011 0010111111 o. 313, 11.1100,11110110111110111211,3.
11,11111111111111111111100111, 3. 01111111111111111111111111101111111111 1111011111·-
1111111311ῖ,5.0.13ι11111,113112,11.111111.11.1111111111110011111101111111101101
simet (3 52, 22. 1311100111ἰο 0. 0111110111 11111113 11, 15, o. 1110011111 3 112, 1,
1111, 311111101101111110). 0. 1110111101001011111( 111111, 11. o. 1101301011 J 23, 11.
o. 10111111 3 31, 1. 11 111131, 15, 0101111 111, 5. 110, l. 31115. 111, 2. 35, 11.
ι11,11. 11, 37. 111,3, 22,1. 000101110111111111110 0010111011110101111,11. 0,
sarcinis 1111001113 111, 2. 000101110101001111111101111111111 o. 11 111, 111. 1311111111
11011130111111 13' 111, 11. spos (1.3 35, ·1. ros 00110100 3111111011. omniu 11011111
32,1. 0.1110111010101111111110101011111111110111111111,3. 011001110111001100·
11010 ,1 31,1, o. 0110103111101·111151,31. 0.10111101“111,1. peronibus
3 111, ·1. 1111110111011--1111111110, canoro 3 1113, Ι. 1111 omnis 111100111101011110
11111111 111112, 11101101111111 no (10111110 o. 11111111111111 0111111113 ·11, 1. 110 01101-
011111’“·1111111110011100111111131111001111111111111152,11. 1111111111 11111110 01111101
(111101110111οΗ1ῃ133. 111111010011011011111101111101 1111111 111001
13οι11111111101111011111111111111111111033110.-·’011111011111111111,2.3 13,1. 33,
2 .115,. 2 1111111,1. 1135, 11111. 0111111111111110311,111.1“,13.1·1.1,5 31,11.

31133. 1112, 2. 111, 3. 111111. 111111,1’1. 1111110 111111- 111111011111111101110-
11111113 35, 15. omnin. 111111 visos 011113 1111, 11. 1111113111110011111. 3 11, 37.
111,5.23,.1 11,1 11.1..11·2 111,11.111111,1. 011111111001111111111112500111.
1’ 11,1 ’.1 21111.11111011111011131,1.331,7.1115,1.1 1111111111’111,11.1
1111111111111111121, 2. 1,.13 1. 32, 2. 1,,3 311 31,2.1’1,2.111,2,51,.11
11·,..1 2 52... 2 11.1,.2.33,·1,1111(1111111111111111101111111113110111110010οι
12111. 3 11,11. 11111111 1311111113 «31,1. 11111111- 11”11111013.1311, 1. 1111111-
3111- 01111100 -1 311, i. 131011111ιο0011101033, 1, omno-s C 11.·1. 211, 5. 222,
31,11, 11,11. 52, m. 53, 5. 111, 3111111110 (1110111111 sot onmos 1111110111. 3 13,
12. 31,11. 11 1-11. 1, 111111,11.1. 1311. (111011111011011111011- 11111. 01111101
11101111111111110011111113111Ι,2. 0111111111111121,5.511,1. 335,5.31,11. con-
currentium 111111111110 - 011111111111 1111211, Ι. (1101111110 1310011111011111111111 11
51, 3. 00111111131111110111011111111111 (¹ 51, 111 011111. 3 31, 1. 35. 5. 11 11131, m.
omninm 110010111111111311110.1 1-1,2. 135,·2.1. 1311,1. 1112, 5. 113, 1. 11 113, 15.
111111,1. 11151. oppidum 111111111131 011111111111 (1010001013 511,11, 1111011110
131111ιί1110 (⁸ 37,5. 3 35.·35. 11 111 111, 11. (11110 0111111111111111,1·1.1. 1101110
0111111111113 51. 1. 111. qnisquam 01111111111111311,5. 51, 2. ,131,11. 132, 1, H 1
11, 13. solos omninm 11 1 11,11. 11111, 111. 111 tanto omninm 1001111011113
1101111111011112, 13. omnibns invisum C 51, 23 00111311, l. 111, 2. 11111101
omnibns 11110111 11011111 11 111. 15. 011111 1101111111 omnibns 11110. omnes
1110111101111011111131,100111..111,1. 13, 1. 33,3. 11111.3. 01111111111111111110
senatorii ordinis 00001113 131,1. 011110111011111111105011111 [v 31,211,
001111111111110,01111111 11·. ·0101 01· 1··1·01 ·11101111 5113.1110011113111011111111 sub 1111111111
missurum 333, 11 1·.0111 1111111.1·0.1011111111.11,111 311010111011011111113111311
11,.1“2..151,1.1 111,1.1.1-,’1·1.1111153111.11111,1111101111101111·11111000010111.
11111110 punitori-omnbus). 05011111111110011111111111111111111011η11 5. nna
11113. 3112, 3cl.on [31,1 2. 01111,11111111111101111111311,12.15,·1.1111111οῐ0

1111,3.1111,1. 0110.111111110113131,3. 001001100033010101110111111110

 

