11511 463

833, '¹ .331, 26. Η11161, 14, 1151111111. Ο26,,3 40,3. 51, 7. 52, 16 27.
56133106141317312221163 Η141,25.48,2.3,.1826.
1141,6.116,1.11.11161,8.1051111111111111111616 1110105 51, 7.
10. 5241111135 58385118314,1111.48...1616211.21,24,
2111. 6, 10. 31, 6. 13. 18. 20 21. 25. 27. 85, 22. 26 27, Η141,2. 48,6. 17.
18.111,1141,13.116,1,.811161,5.6..78.,1315.16172111511111,
026111131415683138513747110,,811141,12.,487.
18.1141,8.116,.24.11161,4.6.11.155112326.

1011111126, 2. 51, 7511. 52, 5511, 58, 8. 18. 19.,21 314, l. 2,58,11,
131718255111435781031115676101416111623
2527, 853810. 1112112836 116,6, 11141,1111.7,20. 48,11, 1141,
4.11.,,,.,111615671511.111,20

votum. non votis neq. subpliciis muliebribus auxilia deorum parantur C
52, 2111111. 11141, 7. 1151111111111111111511511Η1161.
voveo ‹ledoq me pro rep 111141, 16.

1οι 1111 11551111 C 31, 1. magna voce J 56, 4, Η156 maxuma Η

142 1111111111- nitebanturJ 15,,2 streperevocibusJ88,8
7151111511137.

211111357- 60.

 

