INDEX.

5,.55 Abs 7777777575 7777775757 557777565213. 128,2, 29,,2 32,2,
731022100,4.111112,5577111028.α77173647,’1,58,6132’,,5
163,4.11’161,Ι1’36.77777764,,2148,3.5777777620,16,1’14,3,.’,56
36,2,,311.85,.137.100,’6.’1115411248,,,7181196,24, 557777
7614,4,4,84,8,50,5’,115,5.211,4,109,2Η11137Η5456.
117615, 55648,9.182,1,91,3.104,2’, 7577771145,3,ΗΙΙ61,111
54. 67, 17, 75651, 27. 50, 2, 94,.1 1111101, 16, 5577771111, 4. 67,2,

92,5,’1111167’·27 5511018 5577771645, 4. 46,.6 Η16’6,82.’55 .

631, 4. 44,l. 114, 16, 93,2, 1618 5577775626. ’45,4. 48,4, 5214,
121, 2, 483 055 69,,4 80,5,7’, 162,4,,13 105,’1. Η141,23, 11214
11161, 1,1’2. i3. 551222 ’,64,1 55517511117’61, 16. 55,,1151 18
77 5777755757557 amne 55,.’,’.,.’777775777,7’,
33,.348,7,,519.52,.14 15,4’.8 21431811292315 ,,1
56,,263,464,’2.77,’,’2,,84285,7,86,,5160,5,102,6,.81(16,.1111
7189171424.43,.1’6,5·2,’1113,4,,14’67,96,1.1115,61,1,Ι1’61,17.
775150, 6, 76 5 55757764, l. 10, 2, 46, 5, 51, 17. 14,’,3 1114 6
7756 3,.5. .112’, l. 37,3, 40,2 ’56,311. 70,2, 5577777642. 51386 4
135, 10. 50, 4. 51, 5, 00,4’, 05,1’, 111115. 11161,1, 51761111 34,’1,
44611421512553114352302445547061781
88,5. 557777765’1,38.173,71 04,5. 1119.’11. 11146164 5171563,
58, 4. 73, 3, 67, 5. 101,3, 55 5777777161, 1, = 5171575 77517775711112,
57177775 meridie J 48, 3, 55 Alpibus in Hispaniam submovi 1711 66, 4, 55
Zama (1177771171 61, l. ab Roma 7177777640, 5, ad 57757557 55 ortu 75117
630, 4. 55 angulo 571 775156775111168 55717755715577650,, 75
777571- 5051115557777776586 57777 habet 55 5777717577 555’ ’55177
.,1174 ab 657775 non amphus duum m1hum 75777751151913, 5571777775
6 511, 2. a sinistra 57 dextera 150, 4, 1757777 ab 157777 J 14,16,
abl. 1557777771 101, 8, 55 55 7777775193, 6, 04, 3. ab 5777575777 7757715571
97, 5, 51157555115775777 1161, 2. 5515775156, 4. 58, 4, 94, 5. 97, 5,
101,3,11’703,ε55577777715777577571777577777777777771111765157775
6711,.4121,·247,1,80,6.62,.5101,1,1111157,77755771564,1,18,2

14,’3, 78,1, 18,11, 821. 88,’3,80,7,113,21,110’1, 1176216, propior
511148, 10 775”777777777170,2.; 55767776121, 1142 77575
7757775751 114, 1, 55757777751577775175777557777777775577575647 abeo

755777777557517557757751757777757777777777163,5,55571517757511565,2
1222, Η1141,4, 96,1, 1116183. 5 775771715185,7, 100,5, 11667. 5

7777777577175 7775771116 5 princip 1562613. 120,2, ’77,2 162, 6,,8 1119, .

4861111117 (1551771777 77577757768,,5 13,1. 111,3,,223,,31,49
41045447148455789492565521406211
114121143715151181221322217725255
29431526 32253323516402565523554

4.
3.
2660464507566467260473774276113

5,
28,
56,
78183380359411019162413151632410421061
461081106,24,112,2.3,1137Η1411223481577766
115131711’,1196,.2’0. 11137556111267271774111

01, 6,8. 16, i3.: ab 1gnavla 5777775 75757575 7557577571 312 77777777 775
775577577177777757757517771483, 62,,5 577515515777177715Η18,; abstraho

77,
7,
..5

 

