154 · 11111111 ’

1111101024, 3. 1 28, 7. 80, 8 (obp. 11111111). 11 155. 11 -13, 111 07, 9.
aliquotiens H 191).

· alitor. qni 11. 1111111051. 45. longn 11. nc 11111111111111111117, 3. ne
11. quill evenintJ 11), 7. longo a. animo agitabatJ 11, 1. a.niquen11im0
gerebat J 72,1. a. qnnm 1111111 11 11101, 8. insanum 111111111111137.
nanetus 1111111 92111111. ab insidiis nonnoni nequivisses 108,2. non aliter
-1111111141, l. 17. 24. 11.11111[1011111111111111111111111*1111110203 11.
1111111111 inpelli posse 0 44, 1. ·

nlius. (13.1. 8,5. 14,7. 17,5. 27,2. 31,8. 33, 1. 37, 9, 51, 22. 20.
52, 21, 1 4, 4. 19, 3. 49, 4. 54, 5. 01. 3. 79, 4. 8. 82, 2. 85, 4. 11. 47. 89. 3.
5. 7, 92, 3. 4. 05, 2. 97, 5. 103, 2. 105,2. Η112. 41,1. 03. 1120.41,11.
11101115. 07, 10. 111111,111110,111111111111111101. alii-parsetpnrs
1111151111. ,45 (1011111108). partim-alim 13,2. Ιο,5. 21.2. 3113.
402. 1111,585,1. 111111-1111111111111141, 1. ceteri 111 quemque-aliie

5113. 111111111-111111190,2. 110, 2, alios-plerosqneJlib,i. 1111111-

11111110105. 11,4. 14,0. 17, 1. 21,4. 30, 2. 37,(1. 12, 1. 12, 5. 31, 5.
58,2. 0. 00, 4. 7821051111. p. 25). 80,0. 82, 3. 89, 3. 07, 5. Η11107,10
et 17. 1110111111111111ο172,2. alin—deinde 1111111 18, 7. aliis, posi 1111111
155, 8. alium posi alium J 95, 3. sunt qni -11111010,5(111111111). 488.
132, 3. 1111111111110111-1111111511111111100482. apud alios-in inperio
04814. [Capys - Η111111111-11111111110, Catilina — alii 0 52, 35. 1111-
gere alin, dissimulare 0 47,1. nova diruunt, 111111 111181111102042. alins
1111111111ἱηιίΙ.02,10.0,5.43,2.52,28. 153, 8. 00,3. 11141, 211. 021, 2.
52, 1. J 40,4. 101,2. 49,4. 027,4. 100,1. 49,4. 051,12. 53,1.
J 14, 15. vid. alio. alibi. de 1111115111 0 0, 2. 54, 1. -- 6111111051, 32(111111
modi). J 2,2 (huiusce modi). 111485. J 07,1. 75, 3. 700. 8121511101).
103, 7. 185, 40. 81, 1. 10, l. 47, 2. Η19. 22. J 54, 2. 111123, 2. 11121.
07, 4. IV 00. 188. 148, 19. 1111111111 40,2. 44,5. 0220111111). 04,3.
81,2.85,41. 11111111. ampliusJ 44,5. 54, 0. atquo 111102, 4. 1114112
(Cethegi atque 111111 proditorum patrocinia). 0 30, 1. 37, 7101111111). 58, li.
14, 8. 0, 1. 20, 3. 32111111111111111101111. 34, 1 (ο11111151111).42,1. 84,1. nlius·
que 0 32, 2. 48, 4. 52, 30. 11,3. 3, 2. 13, 7. 19, l. 27, 5. 30, 1. 37, 4.
48, 3. 72, l. 79, 10. 80,1. 97, 1. 101, 4. 105, 3(ο11111151111). 1119. 1123, 2.
alin ue propter 111117. item 11111037, 5. 43, 2. 1 80, 2. 1.Ῑ)11.1111111111
00,0.84,1.1100,4. 111111.049,1.145,2. 1111111.111111185,10. nni
1ρ11111110111109039,8. asynd. 0 15,1. 25, 2. 52, 40. 100, 1. 84, 4.
85, 20. 11.1111111111021,2.134,1.43,2.540.032. 11111015. 1001,
13. 189, 5. 114, 2. 91, 0. nbi emp. relicui C 27. 2. 43. 3. 110, 2. 03, li.
85, 4. 04, 3. loeinn paulo qnam 11111 editiorem J 58, 3, maiora nlin 0 10, 2.
J 1, 2. 2, 3. 4. 90, 4. 11111111111111037,10. J 15,1. 1111004. alins—et
052, 2. 1111111111111111181, 4. 11141,4.15. 1.(11111111111111111180. neque
11.1111113,3, longe nlin mons 052, 2. hant snno n—o nninno 037, 9.
nlio tem ο11,111101·1111111111051,30. ex aliis rebus inagis qnnnn qnod —
fnmn valebatc 14, 7. ex aliis negotiis in primis J 4, 1, 1111111 nlia, 115111
11101,11. 111111111111111111111111107,12. intornlins 111111 11,5. alio
111011011101,20. sanciusaliaHillii. L'fr. 11180. 137. 185, 30. 92, 7. -
Coum. n 99.

Anolrogo· C 40. 41, 47. 50.
ano. Arpini alins J 01,3, 111111111111111111111111141,7. enni-eitum sti-
pendio snnnentnque 11 90, 9. 1111111111 atque 1111111111111111111111111111111ςυί11)
civili alebat 0 14. 3. 1111511 ac seditionibus sine curn nlnntnr 0 37, 3. 11111-
111111 publicum alebat 0 37, 7.

11111110011, lv 28.

ulter. alterius lubidini 1511110111111111052,8. 111111111511111114. eon·
11111111110151111111111)111485. 1115111111113,1. 10 5. 73,4. 1111111111
1111110594. 111 pnrtnm n. J 11, 4. 1111111-1111111058,0.198,3. nnus
atq. 1110117. 93, 2. 111111- nllerC 1,2. 41,2. 54,3. 17,5. 14,14. 42,1.
alter 1111111111 0 1, 7. J 42, 4. 53, 7. lili, 1. 79, 4.

'N

 

