11111111 159

Χ1111110. 11111111111111111111 11111111111111111111 1111111111357,11. 111111111111111111
Hispania 11111111 11 1 7. 1111111 1111111111111-111111111111111111111 11111111,13.
1111111111 ardebat 1111111111113 39, 5. 1111111111 111 cupiditatibus C 5, 1.

udor. 1111111111111111 1111 11111111111113 18,11. exusta 1111111 11111111111113 19, 11.

arduus. 111111111111111111111111111111113,3. 11111111111111111111111111111111111107, 5.

argentum. 11111111111111.313,11. 711, 7. 11-111111111111111111111111.131111. pondo
111111111111111111.193,3. 11.1111111111111111(133,3. 1111111111111111173. 11111111·
11111111-111111Η1117.

argumentum. 1111111111 quam a-is purgatiores 11 11 119.

arguo. 1111111111111111111 11111111111111 11 ’18.

tridua 11111111531. 111113 75, 3. 1111113119, 1. 111111111111111111318,3.

111111.171,11.

Ariobarzani! Ν 111. 91, 5.

11111111111115.

Aristonicus H IV 111, 8.

arm 11111 permixta J 51, 1. 31111111111111111111111111111111111 1111111111111111
3 7-1, 3. - 11111115111111171. 1111111111111385,19. 11111111111118,
19.111111,11.179. 1111111011. 1111111. insigniant& militaria
11 51, 38. 59. 3. 1111111113 195, 3. amorum 11 equorum aliquantum 3113, 5.
111111111111111 111111111111111111111111.1713. copia 111111105339. 11111111
Ν 111, 111. 11 miiitum paratu H 155. 1111111111111111111111111111111(1133.
11111111111111111111393,7. 1111111111113119,3. ι11111111111111338,7. 533.
1111111111373,3. 1111111111 11110511, 111. 111111103113111. 331. 53,
37, 33115. 53, 1. 58, 3. 117. 5. 1111, 3. 193, 13. 11118, 19 (11111111 obpri-
mundae libertatis). 1111111111 1111113333. 11111111111119 ,17. 1111111-
111111111 1111111, 17. habore in 11111111 11 Ν 111, 39.11111111111111 11 111 73.
ornatumque 1111111111391, 1. parare 9 31, 3 (1131111111111111111). J 133. por·
tare 1139, 3. J -1ἶ1, 3 111 cibum). 11111111111 11, 11. reticere 11111 1111111111-
111111 J 1111, 1. retinere H 1 18, 111. sumere J 31,3. 11 14111 11111111111111111.
viros - 1111111, 111111, J 119, ·’1. atque 11111 1111111111113 195, «i. 11111111 111
11117. 1111111111 711, 1. vortere 111-111-111111, 111. 1111111111111111-
1111111111).111111111111111114133. 11111111111111-11111111111111111’91,13. 11111
aptis 11 11171. 1111111111 conticere J 311, 1. 1111111111 111111111111111111111111391,3.
(1111113111.1911111111. 1111111.1111,11.18,3. 11118,11. conpleri
C 51, 9. 1111111113191,11. 1111111111111313,3. 111111111111111. 111111-
111113 511,1. 111111111111311,1. 1111111111113113. 111111111111113 331. exuero
38113.11133111111111111111. 1111111,1111111111111111111111153,19. 1111111111
81. 1111111119511.ΐ1. 11111111113811-1. 195,3. 11111111111111113313. onerare
111111113811.1. 111111111111111111111113 57.1. 111113 20,5. 11111111111118,15.
11111111111111111111331, 1. recepta 11 11. C 11, 1. retinere rognum J 31, 1.
sollicitae 1111111111111 Η 1 1118, 1111111111 spoliatus J 113, 8. tegere C 11, 5. J
87,3111111111111111111111. 11111113 31,7. 11111111 11111113 119,11. 1111111111-
111111113111, 1. 1111113 119, 5. 111 111111111Η11’ 115. 1111111111111131,1.39,3.
.131,1. «1111111111111111311. 11111111111113195.3.91,3. 111 annia 1111111
37,11. 51,19. 1[Ι·18,13. 133. οι]111111111111.151,1. 11111111111111371, 1.
1111111111111111111111.111·15,2111.Ν111111111111 1111 armis 1111 J 91, 3.

111 ...“. ...“

1111111111.

armo. 111111111111111111111111111111110511,3. copias J 13, 3, 1111111113
197, 1. 11 1 -18, 311. se 1111111111111111111111111111111111 11111111111111111 1. = ar-
111111111111111117, 5. 1111111111. 111117. 111111111111111111111193. intentusque
J 111111. 1111111111 -111111111111 111111111111113111. 1. 111111111111111111111111111 1111111·
111111 G 59, 3. 1111111111111115 1111111111 C 33, 3. 11111111, 1. coni. 331,17.
11 111. armati 111111111111111 J 111. 5. 11-1 iri-pido vos 1111111111111111111
18. 18. 1111111111 (f 1118, ,13113 (1111111111. 118). 11111111, 1111111111037,3.38.11.
·-111111111111111111111111111113 31,11. 1111111111111111111111111153311. advorsus
11--1111 arinis 111111111111111113 1111, 11.

tro. 111111 homines arant C 3, 7.

 

