252 ’ 616611

1.66161661166111161666161051, 4. 116 61 metu anxiusJ 11, 8. cupidine
616. 11661661611164, 5. 66116616. misericordia ν66666051,1.66116
16166166666166611616111415. ⁹
666661661166661605162. 66666666611661(1161161051, 14.
irascor. neque studere neque 6111666, 661 minume 116661 (16661061 13.
1161 irati infensique 166105220.

16[1666161666666116111166166111666116161161.6611110161661161161161160
6,.151,43.58,17.117,.223,2.28,.140,,2611,1..038102,.2105,2,616
(15ομ3 51, 43. J 203 102 ,21 666166616661616161616028 3,.2 44. 5,,6
6,1.3..,6 111361211451551624186
10,..12. 24425152742812013035
. 378382302454012356
.50,...135 51,(1..,81112...151720.
54 56,.15.,.,..573503613,1.
141418,3..1010,3.8.
55101310. 32133 .

,04,2. 105, 2. 110, 3. 7.11
44 61,1 100. 1666110307.

4865 2306051185010123128132
52658511431111138616145240458360 .
61, 3. 66, 1. 11141, 7. 48, 3161661. 56. 6666661038. 11Πο6,10.
61161616611014 6166 6661611 180, 4. 07, 5. 65, l. Η10. 48, 18.
1110116.66666616111116666611ΗΙΙ41,6, 6166666161853 uns et
66 vetus caussa H IV 01, 5. una modo 61666 66 intra 1666616 66116 1 80, 6.
616616Η1118 i64. 65. At 661111616111481 66 66161573 544.
,66166163641636160466116Ρ116619,3611.16,6.41)
52,.0 J84,3. 02, 4. 08 7 6616611606, 7. 152, l. 750. 84,.1 1015
61166111,172,1. 102,12.111,.1 eaomniacl3,3. 666166602014.
66 tempestate 111166 tempore 0 7, 1. 17, 7.. 22, 1. 24, 3. 36, 4. 48, 7. 50,
4. 51,3. ,111,8. 13, 7. 30, 4. 32, 5. 35, 1. 37, 1. 40, 5. 55, 8. 64, 4. 655.
80,1.00,1.114,4.Η133. 6616 1111616666143,5. adid tempus ΗΠΙ
67,12. 6611160187. post 61116 1116610483. eum 61 proxumum diem
11061. 66 66616028, l. 66 166616111010, 6. 22, 2, 23, 5. 20, 3. 486.
30,6. 40, 4. 56, 4. 17, 3. 10, 1 (suast). 17, 7. 20,4. 750. 70, l. 84, 3.
02, 2. 4. 051. 107, 6. 57,3. Η11161, 16. Liberius 16161. in 66 coniuratione
0281. 47,1, 16 661661666028, 4. 66 6616666020, 3. ex eo numero
042, 3. J 18, 4 coni. 40, 4. ei provinciae 0 42, 3. 66 signo 0 43, 1 coni.
0 17, 7. 51, 2120. 43. 66 caussa 0 5217 coni. 52, 14. 18. 34. 1 54, 5.
67,3. 80, 4. 6616 flammamJ4,6. eo negotioJ6,·2conI.7,l. 45,1‚
14,1.21,4.22,1116161661). 23, 1. 20,3. 31,20. 26. ea 61616137,3.
474. 74,.2 66116161161424 661666161661546 ob 66 feliciter 6616
J 552 16 6666116160566611042 61111156116161653 exeo ne·
1161161721.6166661165036666108, 1. 6111661751. 78,1.4, 79
l. 10. 83, lieo dolore) 86, 3. 88, 4. 85, 6. 63, 4. 66 6166116100, 3.
167,.3 66 artenii! captus 616616 0166111166 quod ea nubere 1111 du
11116561015,2.116161166 661566666616116611161610274 61161116-
040, 3. 52, 30. J 30, 3. 66, 2. H 1130. si lubido 666 .11161, 66 dominatur
051,3 de poena (1666166111 66 66616 66161161 1161051 15. 16 minore
- 6666116166616 1161616 6616 661616 661616666161611605124. utquisque
-61166161- -666666116161, dabat operam ut 16 m proscriptorum numero

 

