1110511 331

101 (eius scripturae 155110 passim ia 3051011311110011010). 505 ox ro 001 ox

commodo 0001551111οΟ 13, 5. 33 4. 33 3150000015111-0011351,1317,
35-1,4’33. 3374335355458533318331335374

133, 13. 133, 5. 113, 3. 11113. 13. 41,33. 43,’ 1, 13. 1133,4, 11131,
17,11131,15,133(11011111001ο,0011100011110151.1101115110051111551’
001- 01515134,3. 13, 3, 13, 5. 33, 3, 33, 4. 34, 3. 33, 3. 33, l. 31 3
353. 37, linoque 0015111 1101 0111111501 51, 35. 43 53,13. 31,(1. 3,1.
3133433113373345835333133173443815
133, 1. 11141, 533. 11 13. 41, 33, 11131, ‘37. 155011151511111110100100110
00315005101111100111100351.17,1(0011051511100051.54,51. 33,1
(0101100011101, 00101511001015511101011111110000011000551110’ 54,1. 31, 3
(05510111101150 001011150011111105-.) 33,1(110111115110 5151051503 13, 3
13, l. 15, 41001011 0111511150111111155103 54, 3. 57, 3. 83, 3. 85, 15. 13 353
(0110111501011101111515, 00101011500501111031. 135, 4. Q 110,110005150 Q.
14010115οι54051111111-1111001-0151111010510001510010150101003
33 5005173 4. 110111100110505505000100111101001,1151 001 11110- (’13,3,
14, 0. 13,“ 5, 33, 3 51,4,5.151100110101110000010101103. 533138310- .
35. 55,4,314,,4 18,5,.3·.3,,1 3413, 31333131415353433
44, 5 43,3. 73,.7 83.. 3. 35,] ,33, 38. 33, ’.1 1(33,.3 113, 3. 11148, 11001
00111111). 1'3. 11131, 4. 111310150115, 001001151511111111511010110 -1, 111 ’33,
3010115155011511100115510111 1111131 5 3, 3. 13, 3, 3180100 01. 3, 3. 7, l.
301013.11111111.151105.1511001100101101.18,1.111,3
(3011011100, ’33, 5. ’33, 11301111 0110011151511050) 35, 1130115010) 3-4
1111010. 1000301053. 31, 7, 33, 3. 33, 1. 33, 1. 3. 41, 1. 43, 33101301053.
44,1.48,5.43,1,4.53315010001551,13313350100100133. 53,
5334. 53,..353, 5334, 5715583130 000 -.)33,1. 31,.1 31,3.
5.37313010111003,,83.3,411,3,13,.313,1.7.17,37.18,3.11.
314 35,·3. 3311 33,.33, 33,1 31,8. 35, 111. 334. 38,,3 33,.1 441,3.5.
41,3,,.41115,1.,433.53,’151,5.15553115733331133.
1111,“.,1711.,·3.74 73,.,17711111884387133381113314,
33,131500111013 34,1.35,3.387150105051101113, 131,3, 133, (,1.
135. 3. 1413, 3 (301 ogo). 1311, 4. 113, 1.3, 1143. 11118. 31. 34. 45. 1117.
07:20. 4‘ 13.·1-15. 0111111011011111100 010001. 801 nostra 015510 vis —. Quo
151111 1001150 1111015113 1, 3. 801 do 01501110 partium 01 -051015 1110001010,
10510110 — 5151111150 510 0100011113 43, 5.

severitus 11111001101111510111 addiderat 1030, misericordia atq.m01444401444101 44
542². (111105101511151111110010011110, ducaris, 001111515510.001011151ἰο 0151(1 5-1,5.

terem. 000010 udicio 11 111 (Π, 3. 0001111 paullo 0010501351, 15. =
1110510051ἱο mortem 0010101·11101100111151113 15, 3.

nonginta 11 111 33.

Sextius 0010111013 33, 4.

textu· C 30, l. ,131, l.

1οι51, 0111055150 lubidinis 15 utroquo 00151111153.

si 151111101000011101, 05 dominaturi! 51, 3. si digua 0001111 1000111111, 110-
vara 0050111551 511010110051,3 roal. 53, 5101550111). 111. 53, 15. 334, 13.
33,13.11141,35.37,43,]3(055503.1111,1311 lviu,21. 0111505555
0515151515 011151 c 53, 3. 01 0550011 00005531 1« 1111111ιο 0111100101151, nihilo
11115111 (roal. J 34, 31 - circumvenire 1110511110 C 13, 3, 00110111 - 0101001-
30155115 orani, uti debitis 5101013 14, 3. Qaao - incussum ogebuatur,
.41— 1501511011,11111111131 11,0011,01·0110 11 1110110 viri 01100 101110 111110-
1101000101101551, 1015- 0115011111οΟ 4,3 30051. qao 151550511011011101115111
1151001001011110011511511151051511151, 37. 010151101011050100·11501.·10111111
4 51, 1300111, 385, 4. de 0001103100015111, 11105011510001011011511( 51,
15. 01110110- - 011010 0000·1οἰ1(153,31(055110)0511111113,13,
1141, 8. 11133. 01- 0101011010 uoqui4araut,-— -010011151-05101101111 ,1 50, 3
roal. 37,5. 131, 4. 11110101011101011111511111155110111011101111011113, 01

-101151·111511,-001100110111113117. 11131,1. 01-10015110110·1011010-
11111,-0110111111(153,18.37. 34,4. 13,.5,33,4,(ον 511.)55,10.511,1

 

