342 θ 1111 ·

-1111111111014, 1. 2114. 111111111111111111111111111111111111111111
11111188 2 11111117.14,8.11411111111111.01121111111111
11111.111141,2.111111111111111111111111111111111111111111111111
133, 3. 11111111111111111111111111111111017,7. 21, 3. 24,4. 211 l. 27,
4111-11111111.34,2.43,3(111.1. 47, 1. 2. 48,411’1. 4114. 50, 4. 00,7
(¹⁴08)- J 12, 3 (se ipsum). 22, 2. 38, 0. 48,1. 5111. 012. 102.12. 101113.
111112. 1113. 1 15, 1. 20, 5. ΗΙ41, 1. 48, 17. 1117. 38. IV 30. fugam
11 se vorsum 11111158, 4. 88, 1. 1111111, ut 11111- 1111111111,411111.’
185, 1. nisi 1111111 ius - apud 11 H 1 41, 24. 111 eis urbibus, quae ad 11
1111111111101, Ι. quae pro hostibus 11 advorsum 11 oportunissnrnae 11111

1 88, 4. :: occultans me tugurio J 12, 5. 111111111111111111111111111-
’ 111111-1, 11. 11111111111111113,3. 1111111111111111111011,4. —pa
rent: 1111 prope diem adcossurum 0 32, 2 conl. 50, 4. 57. 5. 1 20, 1. 25, 8.
211, 3. 511411111-111111. 84, 3. 78, 1. 81, 1. 83, 2. 84, 1. 83, 8. 187, 5.
108, 2111. vocari 11 ,1111 iubet 0 40, 3. orabat, 111 111111 1111111111·-
rent C 50, 2 conl. J 38, 2. 71. 5. non 11111 facturum, si ab 1111 gentium
1111110111111111122,4. = 1111111111]111111111111111,41 01111Ιί11-
111111111111111111111141, 215112. ε11111.11111.1111)11111385
1117111111111111111111111111..1111ῗῖ1111133111111
1111111111111111111173.1111111111111111111111111431111111111
emergunt 111117 2211). 1111111111111111110122.111111111111111111111
H1V4. 11111111111111111111111111111115111012. seque 1111111111
1111111 11111 0 30, 4. 111 recipere 1111111111111 quivere H 1 85 (1111 15οῙ 51.
111111105,8.22,2.112.17,7.18,0.41,·2.43,1.52,1.53,7.5”1,0
111111111111111111116141111.11111,11.1111.11
1111111052, 38. 58,5. 125, 5. 75, 18. 78,7. 188 8 H118.= 1111111111
11110113.1111111111111111171111.11111111115115.11111151111111
111111111111104Ή4 speculatores- 1111 1111111111 101, 1. 8111111111
111111111111111111035 14111111. 01, 1. 14, 8. 20, 1. 75, 8. 78 8.
81, 3. HV 18. 111111151111111111111185,01511. 21. 1111111111 nomadas
11111111111Μ1187. 111111111- -sauciare quam semet tegereJsso! 11111.
11 domum et 11111111111111111111 70, 0.--11111111911 quid ab se ho
1111111111111188511111ῃ1111 111111111111111111111111111110111
1111111111,111111111111103111111110111.113,1.3.11111111111111
111111- secum 1151111811. 1111111111111111111111111111111111181,Ι.
1111111111,1111111111111111111111113714.111111-11111111111111111
111111111111111 1111111, 2. 11 quidde 11111111111111111( 31, 4. minu
mum d4 444 ipse loqui J 8, 1. 11111 de 11 etde 1111111111 11111111111111111111·
J 102, 2. 1111111111111111111111111110111 J84, 2 dictitare- 1111111111
[110111111111111111118411111111131111111111111111111111111111
exnonegenuit. 11,5 7: 11 (1111411111.1111111111111111101111111111111111
051, 1111111. 121, 4. Gaetulos 1111111 1514444444 J 18, 7. 11111111 1440 44
11111118, 2.τ- 11111111111111111111111111111111111185, 1011111111111
in 1111 magis quam 1111111 spem 1111111111 88, 4.

1111111157, 5.

8111111111. 8111111111 coloniae 0 28, 4. 81111111111111111010,-1. 8111111
, victoria 0 21, 4. 37, 8.

Sulpicius 18111. ψ Rufus) 1111. aa H 11 54. :z 11. 11 1 8.

11111. 1 ’11. 4'4444444. 41· 17. p. 48 sq. esse 111111 videri bonus malebat 0515.
cum. 1111. J 14, 11. 021, 1. J 14. 8. 85, 2. 058, 8. J 1112. 0511. 52,·20.
1113. 85, 7. 42. 214. 00,4. 0111. 83,7. 485,5. 24, 5. 7, 0. 71,.5.
73, 7. 85,11. 83, 1. 112, 2. 81, 1. 1111413. 13122. 87,5. 011. 05134.
141101) 53,7. 5111. 10111111, 88,3. 15111. 1111111181,
22. 023, 7. 21,3. 42, Ι. 1 48, 3. 025,1. 38, 5. 37,8. 51, 18. 314,18.
0411, 3. 44, 5. 52, 15. 33. 58, 0. 15, 3. 8, 1. 33, 1. 45, 8. 14, 13. 44. 4.
5111. 102,7.030,·1.15,4.75,2.1131111412.0315411514.
135, 8. 14, 1. 20, 2. 31, 8. 18. 20. 41, 7. 18, 8. 45, 7. 54. 1. 85, 4. 9112.

 

